precision:0.7846153846153846
recall:0.3813732154996601
fbeta:0.5132662397072277
