precision:0.7757909215955984
recall:0.3863013698630137
fbeta:0.5157750342935529
